0 0
1 0.00333333333333333
2 0.00666666666666667
3 0.00333333333333333
4 0.01
5 0.01
6 0.02
7 0.0233333333333333
8 0.0366666666666667
9 0.05
10 0.0666666666666667
11 0.0966666666666667
12 0.126666666666667
13 0.16
14 0.22
15 0.28
16 0.35
17 0.446666666666667
18 0.543333333333333
19 0.68
20 0.83
21 1.01
22 1.22
23 1.48333333333333
24 1.74
25 2.06
26 2.45333333333333
27 2.87
28 3.30666666666667
29 3.95
30 4.47666666666667
31 5.11333333333333
32 5.85333333333333
33 6.62
34 7.51
35 8.61666666666667
36 9.55333333333333
37 10.6466666666667
38 11.9066666666667
39 13.3333333333333
40 14.7866666666667
41 16.5433333333333
42 18.0966666666667
43 20.12
44 22.2566666666667
45 24.45
46 26.6233333333333
47 29.46
48 31.8866666666667
49 34.8766666666667
50 38.0633333333333
51 41.3166666666667
52 44.8366666666667
53 49.25
54 53.17
55 57.91
56 62.32
57 67.25
58 72.1233333333333
59 78.7433333333333
60 83.7166666666667
61 89.6333333333333
62 96.8166666666667
63 103.74
64 111.096666666667
65 119.323333333333
66 126.64
67 135.503333333333
68 145.37
69 155.54
70 164.74
71 177.41
72 186.953333333333
73 199.003333333333
74 211.95
75 223.863333333333
76 236.716666666667
77 253.376666666667
78 267.036666666667
79 283.15
80 299.473333333333
81 316.32
82 334.266666666667
83 354.173333333333
84 371.603333333333
85 391.64
86 412.44
87 435.506666666667
88 457.553333333333
89 488.583333333333
90 509.306666666667
91 535.703333333333
92 561.256666666667
93 587.586666666667
