0 0
1 0.00333333333333333
2 0
3 0.00333333333333333
4 0.00333333333333333
5 0
6 0.00666666666666667
7 0.0133333333333333
8 0.01
9 0.0133333333333333
10 0.0166666666666667
11 0.02
12 0.02
13 0.03
14 0.03
15 0.04
16 0.0433333333333333
17 0.06
18 0.06
19 0.0733333333333333
20 0.0833333333333333
21 0.1
22 0.11
23 0.13
24 0.14
25 0.16
26 0.18
27 0.2
28 0.226666666666667
29 0.26
30 0.283333333333333
31 0.31
32 0.343333333333333
33 0.38
34 0.413333333333333
35 0.46
36 0.49
37 0.54
38 0.596666666666667
39 0.64
40 0.68
41 0.75
42 0.796666666666667
43 0.86
44 0.93
45 1
46 1.06
47 1.16
48 1.21666666666667
49 1.32
50 1.39333333333333
51 1.48666666666667
52 1.57333333333333
53 1.70333333333333
54 1.79666666666667
55 1.93
56 2.02666666666667
57 2.15
58 2.26
59 2.43666666666667
60 2.52
61 2.66
62 2.84
63 2.98333333333333
64 3.14
65 3.32666666666667
66 3.45
67 3.65333333333333
68 3.84666666666667
69 4.06333333333333
70 4.22
71 4.50333333333333
72 4.62666666666667
73 4.86666666666667
74 5.13333333333333
75 5.33666666666667
76 5.57333333333333
77 5.91
78 6.11666666666667
79 6.41333333333333
80 6.69666666666667
81 6.97
82 7.26333333333333
83 7.65
84 7.86333333333333
85 8.2
86 8.56
87 8.96333333333333
88 9.25
89 9.80333333333333
90 10.03
91 10.4633333333333
92 10.8233333333333
93 11.2266666666667
94 11.6733333333333
95 12.23
96 12.5366666666667
97 13.1566666666667
98 13.89
99 14.19
100 14.5466666666667
