0 0.00333333333333333
1 0.00666666666666667
2 0.01
3 0.03
4 0.06
5 0.1
6 0.17
7 0.276666666666667
8 0.42
9 0.63
10 0.91
11 1.28
12 1.76
13 2.38
14 3.14666666666667
15 4.10333333333333
16 5.27
17 6.71666666666667
18 8.44333333333333
19 10.54
20 12.94
21 15.8333333333333
22 19.2033333333333
23 23.18
24 27.6566666666667
25 32.7433333333333
26 38.6366666666667
27 45.49
28 53.09
29 61.41
30 71.0866666666667
31 82.2766666666667
32 94.44
33 108.196666666667
34 123.5
35 140.373333333333
36 158.993333333333
37 179.09
38 201.94
39 226.646666666667
40 253.56
41 283.87
42 316.793333333333
43 352.806666666667
44 392.02
45 434.05
46 480.33
47 532.64
48 586.676666666667
